Tamanho 13107200 ints
1730
1735
1715
1717
1716
1717
1717
1700
1717
1699
1717
1717
1699
1733
1716
1717
1702
1733
1716
1700
1719
1716
1717
1719
1715
1718
1716
1717
1734
1716
Tamanho 26214400 ints
1752
1768
1798
1753
1767
1767
1766
1751
1767
1749
1767
1749
1764
1752
1750
1750
1751
1749
1752
1750
1750
1767
1751
1750
1751
1783
1767
1751
1766
1800
Tamanho 39321600 ints
1815
1801
1818
1800
1803
1819
1813
1801
1818
1799
1800
1819
1818
1802
1814
1803
1812
1815
1818
1799
1803
1802
1819
1829
1805
1812
1799
1801
1802
1798
Tamanho 52428800 ints
1834
1853
1868
1851
1850
1850
1852
1850
1851
1867
1851
1867
1866
1868
1849
1833
1866
1853
1847
1852
1852
1867
1831
1852
1851
1831
1853
1866
1868
1868
Tamanho 65536000 ints
1882
1886
1900
1901
1885
1882
1904
1899
1898
1903
1880
1887
1918
1916
1916
1886
1900
1896
1888
1919
1913
1888
1912
1900
1889
1899
1916
1887
1898
1912
Tamanho 78643200 ints
1949
1949
2170
1932
1933
1933
1934
1934
1933
1933
1933
1949
1954
1932
1932
1934
1934
1933
1934
1935
1950
1954
1945
1935
1933
1954
1947
1936
1969
1948
