Execucoes para 1048576
8549
8520
8556
8557
8571
8524
8567
8594
8537
8522
8570
8508
8540
8571
8554
8523
8556
8555
8539
8524
8519
8524
8505
8588
8539
8587
8575
8555
8553
8606
Execucoes para 2097152
9889
15132
15125
15191
15162
15177
15127
15142
15131
15224
15131
15127
15177
15112
15144
15160
15208
15163
15141
15195
15147
15144
15177
15164
15142
15144
15180
15222
15130
15144
Execucoes para 4194304
18277
28372
28407
28424
28404
28369
28354
28423
28339
28372
28358
28502
28420
28372
28340
28417
28361
28387
28383
28356
28391
28504
28387
28404
28405
28391
28404
28357
28449
28471
Execucoes para 6291456
31325
41680
41650
41634
41698
41632
41698
41698
41635
41648
41651
41630
41649
41729
41646
41681
41634
41645
41632
41716
41697
41681
41715
41648
41785
41679
41649
41618
41678
41717
Execucoes para 8388608
44167
54891
54812
54874
54876
55009
54792
54909
54809
54894
54772
54811
54843
54957
54909
54859
54830
54788
54813
54841
54825
54890
54859
54813
54837
54830
54823
54859
54846
54825
Execucoes para 10485760
57210
68068
68054
68052
68123
68166
68089
68085
68037
68073
68117
68039
68170
68066
68070
68105
68136
68086
68171
68055
68100
68116
68139
68103
68037
68066
68072
68038
68041
68038
